label	x1	x2	x3	x4	x5	x6	x7	x8
-0.342443	2.040447	-1.784712	-0.561586	-1.469119	0.999349	-1.340767	-1.759300	-1.813393
-0.342443	2.040447	-1.784712	-0.561586	-1.469119	0.999349	-0.446922	-1.759300	-1.813393
-0.342443	2.040447	-1.784712	-0.561586	-1.469119	0.999349	0.446922	-1.759300	-1.813393
-0.342443	2.040447	-1.784712	-0.561586	-1.469119	0.999349	1.340767	-1.759300	-1.813393
0.388113	1.284142	-1.228438	0.000000	-1.197897	0.999349	-1.340767	-1.759300	-1.813393
0.083277	1.284142	-1.228438	0.000000	-1.197897	0.999349	-0.446922	-1.759300	-1.813393
0.060151	1.284142	-1.228438	0.000000	-1.197897	0.999349	0.446922	-1.759300	-1.813393
0.526866	1.284142	-1.228438	0.000000	-1.197897	0.999349	1.340767	-1.759300	-1.813393
0.285100	0.905990	-0.950301	-0.561586	-0.655453	0.999349	-1.340767	-1.759300	-1.813393
-0.275168	0.905990	-0.950301	-0.561586	-0.655453	0.999349	-0.446922	-1.759300	-1.813393
-0.115392	0.905990	-0.950301	-0.561586	-0.655453	0.999349	0.446922	-1.759300	-1.813393
0.345016	0.905990	-0.950301	-0.561586	-0.655453	0.999349	1.340767	-1.759300	-1.813393
-0.085960	0.527838	-0.672164	0.000000	-0.655453	0.999349	-1.340767	-1.759300	-1.813393
-0.328777	0.527838	-0.672164	0.000000	-0.655453	0.999349	-0.446922	-1.759300	-1.813393
-0.360312	0.527838	-0.672164	0.000000	-0.655453	0.999349	0.446922	-1.759300	-1.813393
0.035975	0.527838	-0.672164	0.000000	-0.655453	0.999349	1.340767	-1.759300	-1.813393
1.381459	0.244223	-0.394027	0.561586	-0.655453	0.999349	-1.340767	-1.759300	-1.813393
0.702410	0.244223	-0.394027	0.561586	-0.655453	0.999349	-0.446922	-1.759300	-1.813393
0.666670	0.244223	-0.394027	0.561586	-0.655453	0.999349	0.446922	-1.759300	-1.813393
1.561207	0.244223	-0.394027	0.561586	-0.655453	0.999349	1.340767	-1.759300	-1.813393
0.546838	-0.039391	-0.115890	2.246342	-1.197897	0.999349	-1.340767	-1.759300	-1.813393
0.535276	-0.039391	-0.115890	2.246342	-1.197897	0.999349	-0.446922	-1.759300	-1.813393
0.546838	-0.039391	-0.115890	2.246342	-1.197897	0.999349	0.446922	-1.759300	-1.813393
0.505843	-0.039391	-0.115890	2.246342	-1.197897	0.999349	1.340767	-1.759300	-1.813393
-1.438802	-0.228467	0.162247	-1.684757	0.971879	-0.999349	-1.340767	-1.759300	-1.813393
-1.408318	-0.228467	0.162247	-1.684757	0.971879	-0.999349	-0.446922	-1.759300	-1.813393
-1.434597	-0.228467	0.162247	-1.684757	0.971879	-0.999349	0.446922	-1.759300	-1.813393
-1.410420	-0.228467	0.162247	-1.684757	0.971879	-0.999349	1.340767	-1.759300	-1.813393
-1.399909	-0.512081	0.440383	-1.123171	0.971879	-0.999349	-1.340767	-1.759300	-1.813393
-1.352607	-0.512081	0.440383	-1.123171	0.971879	-0.999349	-0.446922	-1.759300	-1.813393
-1.397807	-0.512081	0.440383	-1.123171	0.971879	-0.999349	0.446922	-1.759300	-1.813393
-1.357862	-0.512081	0.440383	-1.123171	0.971879	-0.999349	1.340767	-1.759300	-1.813393
-1.350504	-0.701157	0.718520	-0.561586	0.971879	-0.999349	-1.340767	-1.759300	-1.813393
-1.317918	-0.701157	0.718520	-0.561586	0.971879	-0.999349	-0.446922	-1.759300	-1.813393
-1.351555	-0.701157	0.718520	-0.561586	0.971879	-0.999349	0.446922	-1.759300	-1.813393
-1.330532	-0.701157	0.718520	-0.561586	0.971879	-0.999349	1.340767	-1.759300	-1.813393
-1.281128	-0.984772	0.996657	0.000000	0.971879	-0.999349	-1.340767	-1.759300	-1.813393
-1.298998	-0.984772	0.996657	0.000000	0.971879	-0.999349	-0.446922	-1.759300	-1.813393
-1.281128	-0.984772	0.996657	0.000000	0.971879	-0.999349	0.446922	-1.759300	-1.813393
-1.308458	-0.984772	0.996657	0.000000	0.971879	-0.999349	1.340767	-1.759300	-1.813393
-0.820720	-1.173848	1.274794	0.561586	0.971879	-0.999349	-1.340767	-1.759300	-1.813393
-0.818618	-1.173848	1.274794	0.561586	0.971879	-0.999349	-0.446922	-1.759300	-1.813393
-0.823874	-1.173848	1.274794	0.561586	0.971879	-0.999349	0.446922	-1.759300	-1.813393
-0.832283	-1.173848	1.274794	0.561586	0.971879	-0.999349	1.340767	-1.759300	-1.813393
-1.315816	-1.362924	1.552931	1.123171	0.971879	-0.999349	-1.340767	-1.759300	-1.813393
-1.300049	-1.362924	1.552931	1.123171	0.971879	-0.999349	-0.446922	-1.759300	-1.813393
-1.314765	-1.362924	1.552931	1.123171	0.971879	-0.999349	0.446922	-1.759300	-1.813393
-1.318970	-1.362924	1.552931	1.123171	0.971879	-0.999349	1.340767	-1.759300	-1.813393
0.197853	2.040447	-1.784712	-0.561586	-1.469119	0.999349	-1.340767	-1.008666	-1.168631
0.187342	2.040447	-1.784712	-0.561586	-1.469119	0.999349	-0.446922	-1.008666	-1.168631
0.194700	2.040447	-1.784712	-0.561586	-1.469119	0.999349	0.446922	-1.008666	-1.168631
0.178933	2.040447	-1.784712	-0.561586	-1.469119	0.999349	1.340767	-1.008666	-1.168631
0.875851	1.284142	-1.228438	0.000000	-1.197897	0.999349	-1.340767	-1.008666	-1.168631
0.555248	1.284142	-1.228438	0.000000	-1.197897	0.999349	-0.446922	-1.008666	-1.168631
0.524764	1.284142	-1.228438	0.000000	-1.197897	0.999349	0.446922	-1.008666	-1.168631
1.024065	1.284142	-1.228438	0.000000	-1.197897	0.999349	1.340767	-1.008666	-1.168631
0.662466	0.905990	-0.950301	-0.561586	-0.655453	0.999349	-1.340767	-1.008666	-1.168631
0.106403	0.905990	-0.950301	-0.561586	-0.655453	0.999349	-0.446922	-1.008666	-1.168631
0.256718	0.905990	-0.950301	-0.561586	-0.655453	0.999349	0.446922	-1.008666	-1.168631
0.750763	0.905990	-0.950301	-0.561586	-0.655453	0.999349	1.340767	-1.008666	-1.168631
0.286151	0.527838	-0.672164	0.000000	-0.655453	0.999349	-1.340767	-1.008666	-1.168631
0.033873	0.527838	-0.672164	0.000000	-0.655453	0.999349	-0.446922	-1.008666	-1.168631
0.002338	0.527838	-0.672164	0.000000	-0.655453	0.999349	0.446922	-1.008666	-1.168631
0.412290	0.527838	-0.672164	0.000000	-0.655453	0.999349	1.340767	-1.008666	-1.168631
1.796667	0.244223	-0.394027	0.561586	-0.655453	0.999349	-1.340767	-1.008666	-1.168631
1.123925	0.244223	-0.394027	0.561586	-0.655453	0.999349	-0.446922	-1.008666	-1.168631
1.034576	0.244223	-0.394027	0.561586	-0.655453	0.999349	0.446922	-1.008666	-1.168631
1.970108	0.244223	-0.394027	0.561586	-0.655453	0.999349	1.340767	-1.008666	-1.168631
0.975711	-0.039391	-0.115890	2.246342	-1.197897	0.999349	-1.340767	-1.008666	-1.168631
0.996734	-0.039391	-0.115890	2.246342	-1.197897	0.999349	-0.446922	-1.008666	-1.168631
1.004093	-0.039391	-0.115890	2.246342	-1.197897	0.999349	0.446922	-1.008666	-1.168631
0.954688	-0.039391	-0.115890	2.246342	-1.197897	0.999349	1.340767	-1.008666	-1.168631
-1.172858	-0.228467	0.162247	-1.684757	0.971879	-0.999349	-1.340767	-1.008666	-1.168631
-1.143426	-0.228467	0.162247	-1.684757	0.971879	-0.999349	-0.446922	-1.008666	-1.168631
-1.167603	-0.228467	0.162247	-1.684757	0.971879	-0.999349	0.446922	-1.008666	-1.168631
-1.144477	-0.228467	0.162247	-1.684757	0.971879	-0.999349	1.340767	-1.008666	-1.168631
-1.133966	-0.512081	0.440383	-1.123171	0.971879	-0.999349	-1.340767	-1.008666	-1.168631
-1.083510	-0.512081	0.440383	-1.123171	0.971879	-0.999349	-0.446922	-1.008666	-1.168631
-1.126607	-0.512081	0.440383	-1.123171	0.971879	-0.999349	0.446922	-1.008666	-1.168631
-1.084561	-0.512081	0.440383	-1.123171	0.971879	-0.999349	1.340767	-1.008666	-1.168631
-1.083510	-0.701157	0.718520	-0.561586	0.971879	-0.999349	-1.340767	-1.008666	-1.168631
-1.048822	-0.701157	0.718520	-0.561586	0.971879	-0.999349	-0.446922	-1.008666	-1.168631
-1.081408	-0.701157	0.718520	-0.561586	0.971879	-0.999349	0.446922	-1.008666	-1.168631
-1.065640	-0.701157	0.718520	-0.561586	0.971879	-0.999349	1.340767	-1.008666	-1.168631
-1.123454	-0.984772	0.996657	0.000000	0.971879	-0.999349	-1.340767	-1.008666	-1.168631
-1.142375	-0.984772	0.996657	0.000000	0.971879	-0.999349	-0.446922	-1.008666	-1.168631
-1.125556	-0.984772	0.996657	0.000000	0.971879	-0.999349	0.446922	-1.008666	-1.168631
-1.149733	-0.984772	0.996657	0.000000	0.971879	-0.999349	1.340767	-1.008666	-1.168631
-0.548470	-1.173848	1.274794	0.561586	0.971879	-0.999349	-1.340767	-1.008666	-1.168631
-0.542163	-1.173848	1.274794	0.561586	0.971879	-0.999349	-0.446922	-1.008666	-1.168631
-0.551623	-1.173848	1.274794	0.561586	0.971879	-0.999349	0.446922	-1.008666	-1.168631
-0.553726	-1.173848	1.274794	0.561586	0.971879	-0.999349	1.340767	-1.008666	-1.168631
-1.077203	-1.362924	1.552931	1.123171	0.971879	-0.999349	-1.340767	-1.008666	-1.168631
-1.060384	-1.362924	1.552931	1.123171	0.971879	-0.999349	-0.446922	-1.008666	-1.168631
-1.078254	-1.362924	1.552931	1.123171	0.971879	-0.999349	0.446922	-1.008666	-1.168631
-1.084561	-1.362924	1.552931	1.123171	0.971879	-0.999349	1.340767	-1.008666	-1.168631
0.143193	2.040447	-1.784712	-0.561586	-1.469119	0.999349	-1.340767	-1.008666	-0.523869
0.109556	2.040447	-1.784712	-0.561586	-1.469119	0.999349	-0.446922	-1.008666	-0.523869
0.162114	2.040447	-1.784712	-0.561586	-1.469119	0.999349	0.446922	-1.008666	-0.523869
0.136886	2.040447	-1.784712	-0.561586	-1.469119	0.999349	1.340767	-1.008666	-0.523869
0.835907	1.284142	-1.228438	0.000000	-1.197897	0.999349	-1.340767	-1.008666	-0.523869
0.510048	1.284142	-1.228438	0.000000	-1.197897	0.999349	-0.446922	-1.008666	-0.523869
0.501638	1.284142	-1.228438	0.000000	-1.197897	0.999349	0.446922	-1.008666	-0.523869
1.010400	1.284142	-1.228438	0.000000	-1.197897	0.999349	1.340767	-1.008666	-0.523869
0.664568	0.905990	-0.950301	-0.561586	-0.655453	0.999349	-1.340767	-1.008666	-0.523869
0.109556	0.905990	-0.950301	-0.561586	-0.655453	0.999349	-0.446922	-1.008666	-0.523869
0.291407	0.905990	-0.950301	-0.561586	-0.655453	0.999349	0.446922	-1.008666	-0.523869
0.768633	0.905990	-0.950301	-0.561586	-0.655453	0.999349	1.340767	-1.008666	-0.523869
0.293509	0.527838	-0.672164	0.000000	-0.655453	0.999349	-1.340767	-1.008666	-0.523869
0.045435	0.527838	-0.672164	0.000000	-0.655453	0.999349	-0.446922	-1.008666	-0.523869
0.022310	0.527838	-0.672164	0.000000	-0.655453	0.999349	0.446922	-1.008666	-0.523869
0.441722	0.527838	-0.672164	0.000000	-0.655453	0.999349	1.340767	-1.008666	-0.523869
1.732546	0.244223	-0.394027	0.561586	-0.655453	0.999349	-1.340767	-1.008666	-0.523869
1.054548	0.244223	-0.394027	0.561586	-0.655453	0.999349	-0.446922	-1.008666	-0.523869
0.975711	0.244223	-0.394027	0.561586	-0.655453	0.999349	0.446922	-1.008666	-0.523869
1.920704	0.244223	-0.394027	0.561586	-0.655453	0.999349	1.340767	-1.008666	-0.523869
0.979916	-0.039391	-0.115890	2.246342	-1.197897	0.999349	-1.340767	-1.008666	-0.523869
0.996734	-0.039391	-0.115890	2.246342	-1.197897	0.999349	-0.446922	-1.008666	-0.523869
1.007246	-0.039391	-0.115890	2.246342	-1.197897	0.999349	0.446922	-1.008666	-0.523869
0.966251	-0.039391	-0.115890	2.246342	-1.197897	0.999349	1.340767	-1.008666	-0.523869
-1.177063	-0.228467	0.162247	-1.684757	0.971879	-0.999349	-1.340767	-1.008666	-0.523869
-1.142375	-0.228467	0.162247	-1.684757	0.971879	-0.999349	-0.446922	-1.008666	-0.523869
-1.158142	-0.228467	0.162247	-1.684757	0.971879	-0.999349	0.446922	-1.008666	-0.523869
-1.135017	-0.228467	0.162247	-1.684757	0.971879	-0.999349	1.340767	-1.008666	-0.523869
-1.147631	-0.512081	0.440383	-1.123171	0.971879	-0.999349	-1.340767	-1.008666	-0.523869
-1.101380	-0.512081	0.440383	-1.123171	0.971879	-0.999349	-0.446922	-1.008666	-0.523869
-1.133966	-0.512081	0.440383	-1.123171	0.971879	-0.999349	0.446922	-1.008666	-0.523869
-1.090868	-0.512081	0.440383	-1.123171	0.971879	-0.999349	1.340767	-1.008666	-0.523869
-1.197035	-0.701157	0.718520	-0.561586	0.971879	-0.999349	-1.340767	-1.008666	-0.523869
-1.161296	-0.701157	0.718520	-0.561586	0.971879	-0.999349	-0.446922	-1.008666	-0.523869
-1.184421	-0.701157	0.718520	-0.561586	0.971879	-0.999349	0.446922	-1.008666	-0.523869
-1.164449	-0.701157	0.718520	-0.561586	0.971879	-0.999349	1.340767	-1.008666	-0.523869
-1.022543	-0.984772	0.996657	0.000000	0.971879	-0.999349	-1.340767	-1.008666	-0.523869
-1.034105	-0.984772	0.996657	0.000000	0.971879	-0.999349	-0.446922	-1.008666	-0.523869
-1.007826	-0.984772	0.996657	0.000000	0.971879	-0.999349	0.446922	-1.008666	-0.523869
-1.035157	-0.984772	0.996657	0.000000	0.971879	-0.999349	1.340767	-1.008666	-0.523869
-0.563186	-1.173848	1.274794	0.561586	0.971879	-0.999349	-1.340767	-1.008666	-0.523869
-0.551623	-1.173848	1.274794	0.561586	0.971879	-0.999349	-0.446922	-1.008666	-0.523869
-0.553726	-1.173848	1.274794	0.561586	0.971879	-0.999349	0.446922	-1.008666	-0.523869
-0.555828	-1.173848	1.274794	0.561586	0.971879	-0.999349	1.340767	-1.008666	-0.523869
-1.074049	-1.362924	1.552931	1.123171	0.971879	-0.999349	-1.340767	-1.008666	-0.523869
-1.053026	-1.362924	1.552931	1.123171	0.971879	-0.999349	-0.446922	-1.008666	-0.523869
-1.084561	-1.362924	1.552931	1.123171	0.971879	-0.999349	0.446922	-1.008666	-0.523869
-1.087715	-1.362924	1.552931	1.123171	0.971879	-0.999349	1.340767	-1.008666	-0.523869
0.114812	2.040447	-1.784712	-0.561586	-1.469119	0.999349	-1.340767	-1.008666	0.120893
0.150551	2.040447	-1.784712	-0.561586	-1.469119	0.999349	-0.446922	-1.008666	0.120893
0.131630	2.040447	-1.784712	-0.561586	-1.469119	0.999349	0.446922	-1.008666	0.120893
0.163165	2.040447	-1.784712	-0.561586	-1.469119	0.999349	1.340767	-1.008666	0.120893
1.004093	1.284142	-1.228438	0.000000	-1.197897	0.999349	-1.340767	-1.008666	0.120893
0.868493	1.284142	-1.228438	0.000000	-1.197897	0.999349	-0.446922	-1.008666	0.120893
0.577322	1.284142	-1.228438	0.000000	-1.197897	0.999349	0.446922	-1.008666	0.120893
0.534224	1.284142	-1.228438	0.000000	-1.197897	0.999349	1.340767	-1.008666	0.120893
0.750763	0.905990	-0.950301	-0.561586	-0.655453	0.999349	-1.340767	-1.008666	0.120893
0.675080	0.905990	-0.950301	-0.561586	-0.655453	0.999349	-0.446922	-1.008666	0.120893
0.137937	0.905990	-0.950301	-0.561586	-0.655453	0.999349	0.446922	-1.008666	0.120893
0.295611	0.905990	-0.950301	-0.561586	-0.655453	0.999349	1.340767	-1.008666	0.120893
0.430160	0.527838	-0.672164	0.000000	-0.655453	0.999349	-1.340767	-1.008666	0.120893
0.310327	0.527838	-0.672164	0.000000	-0.655453	0.999349	-0.446922	-1.008666	0.120893
0.080124	0.527838	-0.672164	0.000000	-0.655453	0.999349	0.446922	-1.008666	0.120893
0.035975	0.527838	-0.672164	0.000000	-0.655453	0.999349	1.340767	-1.008666	0.120893
1.948034	0.244223	-0.394027	0.561586	-0.655453	0.999349	-1.340767	-1.008666	0.120893
1.748313	0.244223	-0.394027	0.561586	-0.655453	0.999349	-0.446922	-1.008666	0.120893
1.105004	0.244223	-0.394027	0.561586	-0.655453	0.999349	0.446922	-1.008666	0.120893
1.019860	0.244223	-0.394027	0.561586	-0.655453	0.999349	1.340767	-1.008666	0.120893
0.973609	-0.039391	-0.115890	2.246342	-1.197897	0.999349	-1.340767	-1.008666	0.120893
1.000939	-0.039391	-0.115890	2.246342	-1.197897	0.999349	-0.446922	-1.008666	0.120893
1.039832	-0.039391	-0.115890	2.246342	-1.197897	0.999349	0.446922	-1.008666	0.120893
1.041934	-0.039391	-0.115890	2.246342	-1.197897	0.999349	1.340767	-1.008666	0.120893
-1.154989	-0.228467	0.162247	-1.684757	0.971879	-0.999349	-1.340767	-1.008666	0.120893
-1.180217	-0.228467	0.162247	-1.684757	0.971879	-0.999349	-0.446922	-1.008666	0.120893
-1.149733	-0.228467	0.162247	-1.684757	0.971879	-0.999349	0.446922	-1.008666	0.120893
-1.166551	-0.228467	0.162247	-1.684757	0.971879	-0.999349	1.340767	-1.008666	0.120893
-1.098226	-0.512081	0.440383	-1.123171	0.971879	-0.999349	-1.340767	-1.008666	0.120893
-1.137119	-0.512081	0.440383	-1.123171	0.971879	-0.999349	-0.446922	-1.008666	0.120893
-1.081408	-0.512081	0.440383	-1.123171	0.971879	-0.999349	0.446922	-1.008666	0.120893
-1.126607	-0.512081	0.440383	-1.123171	0.971879	-0.999349	1.340767	-1.008666	0.120893
-1.066691	-0.701157	0.718520	-0.561586	0.971879	-0.999349	-1.340767	-1.008666	0.120893
-1.084561	-0.701157	0.718520	-0.561586	0.971879	-0.999349	-0.446922	-1.008666	0.120893
-1.042515	-0.701157	0.718520	-0.561586	0.971879	-0.999349	0.446922	-1.008666	0.120893
-1.070896	-0.701157	0.718520	-0.561586	0.971879	-0.999349	1.340767	-1.008666	0.120893
-1.169705	-0.984772	0.996657	0.000000	0.971879	-0.999349	-1.340767	-1.008666	0.120893
-1.144477	-0.984772	0.996657	0.000000	0.971879	-0.999349	-0.446922	-1.008666	0.120893
-1.156040	-0.984772	0.996657	0.000000	0.971879	-0.999349	0.446922	-1.008666	0.120893
-1.130812	-0.984772	0.996657	0.000000	0.971879	-0.999349	1.340767	-1.008666	0.120893
-0.572646	-1.173848	1.274794	0.561586	0.971879	-0.999349	-1.340767	-1.008666	0.120893
-0.568442	-1.173848	1.274794	0.561586	0.971879	-0.999349	-0.446922	-1.008666	0.120893
-0.548470	-1.173848	1.274794	0.561586	0.971879	-0.999349	0.446922	-1.008666	0.120893
-0.556879	-1.173848	1.274794	0.561586	0.971879	-0.999349	1.340767	-1.008666	0.120893
-1.103482	-1.362924	1.552931	1.123171	0.971879	-0.999349	-1.340767	-1.008666	0.120893
-1.088766	-1.362924	1.552931	1.123171	0.971879	-0.999349	-0.446922	-1.008666	0.120893
-1.098226	-1.362924	1.552931	1.123171	0.971879	-0.999349	0.446922	-1.008666	0.120893
-1.124505	-1.362924	1.552931	1.123171	0.971879	-0.999349	1.340767	-1.008666	0.120893
0.138988	2.040447	-1.784712	-0.561586	-1.469119	0.999349	-1.340767	-1.008666	0.765655
0.119016	2.040447	-1.784712	-0.561586	-1.469119	0.999349	-0.446922	-1.008666	0.765655
0.167370	2.040447	-1.784712	-0.561586	-1.469119	0.999349	0.446922	-1.008666	0.765655
0.134784	2.040447	-1.784712	-0.561586	-1.469119	0.999349	1.340767	-1.008666	0.765655
0.499536	1.284142	-1.228438	0.000000	-1.197897	0.999349	-1.340767	-1.008666	0.765655
0.979916	1.284142	-1.228438	0.000000	-1.197897	0.999349	-0.446922	-1.008666	0.765655
0.866391	1.284142	-1.228438	0.000000	-1.197897	0.999349	0.446922	-1.008666	0.765655
0.560503	1.284142	-1.228438	0.000000	-1.197897	0.999349	1.340767	-1.008666	0.765655
0.271435	0.905990	-0.950301	-0.561586	-0.655453	0.999349	-1.340767	-1.008666	0.765655
0.753917	0.905990	-0.950301	-0.561586	-0.655453	0.999349	-0.446922	-1.008666	0.765655
0.680336	0.905990	-0.950301	-0.561586	-0.655453	0.999349	0.446922	-1.008666	0.765655
0.128477	0.905990	-0.950301	-0.561586	-0.655453	0.999349	1.340767	-1.008666	0.765655
0.002338	0.527838	-0.672164	0.000000	-0.655453	0.999349	-1.340767	-1.008666	0.765655
0.422801	0.527838	-0.672164	0.000000	-0.655453	0.999349	-0.446922	-1.008666	0.765655
0.313481	0.527838	-0.672164	0.000000	-0.655453	0.999349	0.446922	-1.008666	0.765655
0.060151	0.527838	-0.672164	0.000000	-0.655453	0.999349	1.340767	-1.008666	0.765655
1.015655	0.244223	-0.394027	0.561586	-0.655453	0.999349	-1.340767	-1.008666	0.765655
1.966955	0.244223	-0.394027	0.561586	-0.655453	0.999349	-0.446922	-1.008666	0.765655
1.815588	0.244223	-0.394027	0.561586	-0.655453	0.999349	0.446922	-1.008666	0.765655
1.124976	0.244223	-0.394027	0.561586	-0.655453	0.999349	1.340767	-1.008666	0.765655
1.000939	-0.039391	-0.115890	2.246342	-1.197897	0.999349	-1.340767	-1.008666	0.765655
0.949432	-0.039391	-0.115890	2.246342	-1.197897	0.999349	-0.446922	-1.008666	0.765655
0.977814	-0.039391	-0.115890	2.246342	-1.197897	0.999349	0.446922	-1.008666	0.765655
0.994632	-0.039391	-0.115890	2.246342	-1.197897	0.999349	1.340767	-1.008666	0.765655
-1.197035	-0.228467	0.162247	-1.684757	0.971879	-0.999349	-1.340767	-1.008666	0.765655
-1.180217	-0.228467	0.162247	-1.684757	0.971879	-0.999349	-0.446922	-1.008666	0.765655
-1.195984	-0.228467	0.162247	-1.684757	0.971879	-0.999349	0.446922	-1.008666	0.765655
-1.162347	-0.228467	0.162247	-1.684757	0.971879	-0.999349	1.340767	-1.008666	0.765655
-1.147631	-0.512081	0.440383	-1.123171	0.971879	-0.999349	-1.340767	-1.008666	0.765655
-1.100328	-0.512081	0.440383	-1.123171	0.971879	-0.999349	-0.446922	-1.008666	0.765655
-1.135017	-0.512081	0.440383	-1.123171	0.971879	-0.999349	0.446922	-1.008666	0.765655
-1.091919	-0.512081	0.440383	-1.123171	0.971879	-0.999349	1.340767	-1.008666	0.765655
-1.082459	-0.701157	0.718520	-0.561586	0.971879	-0.999349	-1.340767	-1.008666	0.765655
-1.061436	-0.701157	0.718520	-0.561586	0.971879	-0.999349	-0.446922	-1.008666	0.765655
-1.068794	-0.701157	0.718520	-0.561586	0.971879	-0.999349	0.446922	-1.008666	0.765655
-1.036208	-0.701157	0.718520	-0.561586	0.971879	-0.999349	1.340767	-1.008666	0.765655
-1.022543	-0.984772	0.996657	0.000000	0.971879	-0.999349	-1.340767	-1.008666	0.765655
-1.042515	-0.984772	0.996657	0.000000	0.971879	-0.999349	-0.446922	-1.008666	0.765655
-1.007826	-0.984772	0.996657	0.000000	0.971879	-0.999349	0.446922	-1.008666	0.765655
-1.025696	-0.984772	0.996657	0.000000	0.971879	-0.999349	1.340767	-1.008666	0.765655
-0.562135	-1.173848	1.274794	0.561586	0.971879	-0.999349	-1.340767	-1.008666	0.765655
-0.561084	-1.173848	1.274794	0.561586	0.971879	-0.999349	-0.446922	-1.008666	0.765655
-0.543214	-1.173848	1.274794	0.561586	0.971879	-0.999349	0.446922	-1.008666	0.765655
-0.536907	-1.173848	1.274794	0.561586	0.971879	-0.999349	1.340767	-1.008666	0.765655
-1.074049	-1.362924	1.552931	1.123171	0.971879	-0.999349	-1.340767	-1.008666	0.765655
-1.077203	-1.362924	1.552931	1.123171	0.971879	-0.999349	-0.446922	-1.008666	0.765655
-1.083510	-1.362924	1.552931	1.123171	0.971879	-0.999349	0.446922	-1.008666	0.765655
-1.063538	-1.362924	1.552931	1.123171	0.971879	-0.999349	1.340767	-1.008666	0.765655
0.110607	2.040447	-1.784712	-0.561586	-1.469119	0.999349	-1.340767	-1.008666	1.410417
0.146347	2.040447	-1.784712	-0.561586	-1.469119	0.999349	-0.446922	-1.008666	1.410417
0.135835	2.040447	-1.784712	-0.561586	-1.469119	0.999349	0.446922	-1.008666	1.410417
0.167370	2.040447	-1.784712	-0.561586	-1.469119	0.999349	1.340767	-1.008666	1.410417
0.549992	1.284142	-1.228438	0.000000	-1.197897	0.999349	-1.340767	-1.008666	1.410417
0.518457	1.284142	-1.228438	0.000000	-1.197897	0.999349	-0.446922	-1.008666	1.410417
1.036679	1.284142	-1.228438	0.000000	-1.197897	0.999349	0.446922	-1.008666	1.410417
0.885312	1.284142	-1.228438	0.000000	-1.197897	0.999349	1.340767	-1.008666	1.410417
0.129528	0.905990	-0.950301	-0.561586	-0.655453	0.999349	-1.340767	-1.008666	1.410417
0.288253	0.905990	-0.950301	-0.561586	-0.655453	0.999349	-0.446922	-1.008666	1.410417
0.783349	0.905990	-0.950301	-0.561586	-0.655453	0.999349	0.446922	-1.008666	1.410417
0.703461	0.905990	-0.950301	-0.561586	-0.655453	0.999349	1.340767	-1.008666	1.410417
0.054896	0.527838	-0.672164	0.000000	-0.655453	0.999349	-1.340767	-1.008666	1.410417
0.019156	0.527838	-0.672164	0.000000	-0.655453	0.999349	-0.446922	-1.008666	1.410417
0.451183	0.527838	-0.672164	0.000000	-0.655453	0.999349	0.446922	-1.008666	1.410417
0.326095	0.527838	-0.672164	0.000000	-0.655453	0.999349	1.340767	-1.008666	1.410417
1.093441	0.244223	-0.394027	0.561586	-0.655453	0.999349	-1.340767	-1.008666	1.410417
1.008297	0.244223	-0.394027	0.561586	-0.655453	0.999349	-0.446922	-1.008666	1.410417
1.950136	0.244223	-0.394027	0.561586	-0.655453	0.999349	0.446922	-1.008666	1.410417
1.752518	0.244223	-0.394027	0.561586	-0.655453	0.999349	1.340767	-1.008666	1.410417
1.015655	-0.039391	-0.115890	2.246342	-1.197897	0.999349	-1.340767	-1.008666	1.410417
1.026167	-0.039391	-0.115890	2.246342	-1.197897	0.999349	-0.446922	-1.008666	1.410417
0.951535	-0.039391	-0.115890	2.246342	-1.197897	0.999349	0.446922	-1.008666	1.410417
0.976762	-0.039391	-0.115890	2.246342	-1.197897	0.999349	1.340767	-1.008666	1.410417
-1.149733	-0.228467	0.162247	-1.684757	0.971879	-0.999349	-1.340767	-1.008666	1.410417
-1.171807	-0.228467	0.162247	-1.684757	0.971879	-0.999349	-0.446922	-1.008666	1.410417
-1.142375	-0.228467	0.162247	-1.684757	0.971879	-0.999349	0.446922	-1.008666	1.410417
-1.165500	-0.228467	0.162247	-1.684757	0.971879	-0.999349	1.340767	-1.008666	1.410417
-1.094021	-0.512081	0.440383	-1.123171	0.971879	-0.999349	-1.340767	-1.008666	1.410417
-1.139221	-0.512081	0.440383	-1.123171	0.971879	-0.999349	-0.446922	-1.008666	1.410417
-1.085612	-0.512081	0.440383	-1.123171	0.971879	-0.999349	0.446922	-1.008666	1.410417
-1.124505	-0.512081	0.440383	-1.123171	0.971879	-0.999349	1.340767	-1.008666	1.410417
-1.055129	-0.701157	0.718520	-0.561586	0.971879	-0.999349	-1.340767	-1.008666	1.410417
-1.083510	-0.701157	0.718520	-0.561586	0.971879	-0.999349	-0.446922	-1.008666	1.410417
-1.064589	-0.701157	0.718520	-0.561586	0.971879	-0.999349	0.446922	-1.008666	1.410417
-1.071947	-0.701157	0.718520	-0.561586	0.971879	-0.999349	1.340767	-1.008666	1.410417
-1.056180	-0.984772	0.996657	0.000000	0.971879	-0.999349	-1.340767	-1.008666	1.410417
-1.027798	-0.984772	0.996657	0.000000	0.971879	-0.999349	-0.446922	-1.008666	1.410417
-1.044617	-0.984772	0.996657	0.000000	0.971879	-0.999349	0.446922	-1.008666	1.410417
-1.021491	-0.984772	0.996657	0.000000	0.971879	-0.999349	1.340767	-1.008666	1.410417
-0.562135	-1.173848	1.274794	0.561586	0.971879	-0.999349	-1.340767	-1.008666	1.410417
-0.568442	-1.173848	1.274794	0.561586	0.971879	-0.999349	-0.446922	-1.008666	1.410417
-0.560033	-1.173848	1.274794	0.561586	0.971879	-0.999349	0.446922	-1.008666	1.410417
-0.556879	-1.173848	1.274794	0.561586	0.971879	-0.999349	1.340767	-1.008666	1.410417
-1.087715	-1.362924	1.552931	1.123171	0.971879	-0.999349	-1.340767	-1.008666	1.410417
-1.116096	-1.362924	1.552931	1.123171	0.971879	-0.999349	-0.446922	-1.008666	1.410417
-1.113993	-1.362924	1.552931	1.123171	0.971879	-0.999349	0.446922	-1.008666	1.410417
-1.097175	-1.362924	1.552931	1.123171	0.971879	-0.999349	1.340767	-1.008666	1.410417
0.546838	2.040447	-1.784712	-0.561586	-1.469119	0.999349	-1.340767	0.117287	-1.168631
0.546838	2.040447	-1.784712	-0.561586	-1.469119	0.999349	-0.446922	0.117287	-1.168631
0.493229	2.040447	-1.784712	-0.561586	-1.469119	0.999349	0.446922	0.117287	-1.168631
0.515303	2.040447	-1.784712	-0.561586	-1.469119	0.999349	1.340767	0.117287	-1.168631
1.212222	1.284142	-1.228438	0.000000	-1.197897	0.999349	-1.340767	0.117287	-1.168631
0.902130	1.284142	-1.228438	0.000000	-1.197897	0.999349	-0.446922	0.117287	-1.168631
0.853777	1.284142	-1.228438	0.000000	-1.197897	0.999349	0.446922	0.117287	-1.168631
1.365691	1.284142	-1.228438	0.000000	-1.197897	0.999349	1.340767	0.117287	-1.168631
0.987274	0.905990	-0.950301	-0.561586	-0.655453	0.999349	-1.340767	0.117287	-1.168631
0.422801	0.905990	-0.950301	-0.561586	-0.655453	0.999349	-0.446922	0.117287	-1.168631
0.581527	0.905990	-0.950301	-0.561586	-0.655453	0.999349	0.446922	0.117287	-1.168631
1.066111	0.905990	-0.950301	-0.561586	-0.655453	0.999349	1.340767	0.117287	-1.168631
0.586782	0.527838	-0.672164	0.000000	-0.655453	0.999349	-1.340767	0.117287	-1.168631
0.341862	0.527838	-0.672164	0.000000	-0.655453	0.999349	-0.446922	0.117287	-1.168631
0.279844	0.527838	-0.672164	0.000000	-0.655453	0.999349	0.446922	0.117287	-1.168631
0.715024	0.527838	-0.672164	0.000000	-0.655453	0.999349	1.340767	0.117287	-1.168631
2.019513	0.244223	-0.394027	0.561586	-0.655453	0.999349	-1.340767	0.117287	-1.168631
1.389868	0.244223	-0.394027	0.561586	-0.655453	0.999349	-0.446922	0.117287	-1.168631
1.288957	0.244223	-0.394027	0.561586	-0.655453	0.999349	0.446922	0.117287	-1.168631
2.200312	0.244223	-0.394027	0.561586	-0.655453	0.999349	1.340767	0.117287	-1.168631
1.288957	-0.039391	-0.115890	2.246342	-1.197897	0.999349	-1.340767	0.117287	-1.168631
1.365691	-0.039391	-0.115890	2.246342	-1.197897	0.999349	-0.446922	0.117287	-1.168631
1.352026	-0.039391	-0.115890	2.246342	-1.197897	0.999349	0.446922	0.117287	-1.168631
1.264780	-0.039391	-0.115890	2.246342	-1.197897	0.999349	1.340767	0.117287	-1.168631
-0.987854	-0.228467	0.162247	-1.684757	0.971879	-0.999349	-1.340767	0.117287	-1.168631
-0.955268	-0.228467	0.162247	-1.684757	0.971879	-0.999349	-0.446922	0.117287	-1.168631
-0.978394	-0.228467	0.162247	-1.684757	0.971879	-0.999349	0.446922	0.117287	-1.168631
-0.955268	-0.228467	0.162247	-1.684757	0.971879	-0.999349	1.340767	0.117287	-1.168631
-0.963678	-0.512081	0.440383	-1.123171	0.971879	-0.999349	-1.340767	0.117287	-1.168631
-0.918478	-0.512081	0.440383	-1.123171	0.971879	-0.999349	-0.446922	0.117287	-1.168631
-0.961575	-0.512081	0.440383	-1.123171	0.971879	-0.999349	0.446922	0.117287	-1.168631
-0.922682	-0.512081	0.440383	-1.123171	0.971879	-0.999349	1.340767	0.117287	-1.168631
-0.985752	-0.701157	0.718520	-0.561586	0.971879	-0.999349	-1.340767	0.117287	-1.168631
-0.941603	-0.701157	0.718520	-0.561586	0.971879	-0.999349	-0.446922	0.117287	-1.168631
-0.957371	-0.701157	0.718520	-0.561586	0.971879	-0.999349	0.446922	0.117287	-1.168631
-0.925836	-0.701157	0.718520	-0.561586	0.971879	-0.999349	1.340767	0.117287	-1.168631
-0.861715	-0.984772	0.996657	0.000000	0.971879	-0.999349	-1.340767	0.117287	-1.168631
-0.874329	-0.984772	0.996657	0.000000	0.971879	-0.999349	-0.446922	0.117287	-1.168631
-0.861715	-0.984772	0.996657	0.000000	0.971879	-0.999349	0.446922	0.117287	-1.168631
-0.882738	-0.984772	0.996657	0.000000	0.971879	-0.999349	1.340767	0.117287	-1.168631
-0.363466	-1.173848	1.274794	0.561586	0.971879	-0.999349	-1.340767	0.117287	-1.168631
-0.357159	-1.173848	1.274794	0.561586	0.971879	-0.999349	-0.446922	0.117287	-1.168631
-0.367670	-1.173848	1.274794	0.561586	0.971879	-0.999349	0.446922	0.117287	-1.168631
-0.368722	-1.173848	1.274794	0.561586	0.971879	-0.999349	1.340767	0.117287	-1.168631
-0.926887	-1.362924	1.552931	1.123171	0.971879	-0.999349	-1.340767	0.117287	-1.168631
-0.907966	-1.362924	1.552931	1.123171	0.971879	-0.999349	-0.446922	0.117287	-1.168631
-0.926887	-1.362924	1.552931	1.123171	0.971879	-0.999349	0.446922	0.117287	-1.168631
-0.927938	-1.362924	1.552931	1.123171	0.971879	-0.999349	1.340767	0.117287	-1.168631
0.528969	2.040447	-1.784712	-0.561586	-1.469119	0.999349	-1.340767	0.117287	-0.523869
0.536327	2.040447	-1.784712	-0.561586	-1.469119	0.999349	-0.446922	0.117287	-0.523869
0.587833	2.040447	-1.784712	-0.561586	-1.469119	0.999349	0.446922	0.117287	-0.523869
0.571015	2.040447	-1.784712	-0.561586	-1.469119	0.999349	1.340767	0.117287	-0.523869
1.153357	1.284142	-1.228438	0.000000	-1.197897	0.999349	-1.340767	0.117287	-0.523869
0.846419	1.284142	-1.228438	0.000000	-1.197897	0.999349	-0.446922	0.117287	-0.523869
0.860084	1.284142	-1.228438	0.000000	-1.197897	0.999349	0.446922	0.117287	-0.523869
1.380408	1.284142	-1.228438	0.000000	-1.197897	0.999349	1.340767	0.117287	-0.523869
0.923153	0.905990	-0.950301	-0.561586	-0.655453	0.999349	-1.340767	0.117287	-0.523869
0.347118	0.905990	-0.950301	-0.561586	-0.655453	0.999349	-0.446922	0.117287	-0.523869
0.558401	0.905990	-0.950301	-0.561586	-0.655453	0.999349	0.446922	0.117287	-0.523869
1.044037	0.905990	-0.950301	-0.561586	-0.655453	0.999349	1.340767	0.117287	-0.523869
0.387062	0.527838	-0.672164	0.000000	-0.655453	0.999349	-1.340767	0.117287	-0.523869
0.249360	0.527838	-0.672164	0.000000	-0.655453	0.999349	-0.446922	0.117287	-0.523869
0.224132	0.527838	-0.672164	0.000000	-0.655453	0.999349	0.446922	0.117287	-0.523869
0.556299	0.527838	-0.672164	0.000000	-0.655453	0.999349	1.340767	0.117287	-0.523869
2.025819	0.244223	-0.394027	0.561586	-0.655453	0.999349	-1.340767	0.117287	-0.523869
1.347822	0.244223	-0.394027	0.561586	-0.655453	0.999349	-0.446922	0.117287	-0.523869
1.280547	0.244223	-0.394027	0.561586	-0.655453	0.999349	0.446922	0.117287	-0.523869
2.247614	0.244223	-0.394027	0.561586	-0.655453	0.999349	1.340767	0.117287	-0.523869
1.291059	-0.039391	-0.115890	2.246342	-1.197897	0.999349	-1.340767	0.117287	-0.523869
1.341515	-0.039391	-0.115890	2.246342	-1.197897	0.999349	-0.446922	0.117287	-0.523869
1.334157	-0.039391	-0.115890	2.246342	-1.197897	0.999349	0.446922	0.117287	-0.523869
1.284752	-0.039391	-0.115890	2.246342	-1.197897	0.999349	1.340767	0.117287	-0.523869
-1.036208	-0.228467	0.162247	-1.684757	0.971879	-0.999349	-1.340767	0.117287	-0.523869
-0.997315	-0.228467	0.162247	-1.684757	0.971879	-0.999349	-0.446922	0.117287	-0.523869
-0.988906	-0.228467	0.162247	-1.684757	0.971879	-0.999349	0.446922	0.117287	-0.523869
-0.961575	-0.228467	0.162247	-1.684757	0.971879	-0.999349	1.340767	0.117287	-0.523869
-1.017287	-0.512081	0.440383	-1.123171	0.971879	-0.999349	-1.340767	0.117287	-0.523869
-0.965780	-0.512081	0.440383	-1.123171	0.971879	-0.999349	-0.446922	0.117287	-0.523869
-1.014133	-0.512081	0.440383	-1.123171	0.971879	-0.999349	0.446922	0.117287	-0.523869
-0.974189	-0.512081	0.440383	-1.123171	0.971879	-0.999349	1.340767	0.117287	-0.523869
-0.953166	-0.701157	0.718520	-0.561586	0.971879	-0.999349	-1.340767	0.117287	-0.523869
-0.918478	-0.701157	0.718520	-0.561586	0.971879	-0.999349	-0.446922	0.117287	-0.523869
-0.938450	-0.701157	0.718520	-0.561586	0.971879	-0.999349	0.446922	0.117287	-0.523869
-0.903762	-0.701157	0.718520	-0.561586	0.971879	-0.999349	1.340767	0.117287	-0.523869
-0.914273	-0.984772	0.996657	0.000000	0.971879	-0.999349	-1.340767	0.117287	-0.523869
-0.918478	-0.984772	0.996657	0.000000	0.971879	-0.999349	-0.446922	0.117287	-0.523869
-0.879585	-0.984772	0.996657	0.000000	0.971879	-0.999349	0.446922	0.117287	-0.523869
-0.916376	-0.984772	0.996657	0.000000	0.971879	-0.999349	1.340767	0.117287	-0.523869
-0.432842	-1.173848	1.274794	0.561586	0.971879	-0.999349	-1.340767	0.117287	-0.523869
-0.423382	-1.173848	1.274794	0.561586	0.971879	-0.999349	-0.446922	0.117287	-0.523869
-0.431791	-1.173848	1.274794	0.561586	0.971879	-0.999349	0.446922	0.117287	-0.523869
-0.437047	-1.173848	1.274794	0.561586	0.971879	-0.999349	1.340767	0.117287	-0.523869
-0.974189	-1.362924	1.552931	1.123171	0.971879	-0.999349	-1.340767	0.117287	-0.523869
-0.940552	-1.362924	1.552931	1.123171	0.971879	-0.999349	-0.446922	0.117287	-0.523869
-0.993110	-1.362924	1.552931	1.123171	0.971879	-0.999349	0.446922	0.117287	-0.523869
-0.976292	-1.362924	1.552931	1.123171	0.971879	-0.999349	1.340767	0.117287	-0.523869
0.508997	2.040447	-1.784712	-0.561586	-1.469119	0.999349	-1.340767	0.117287	0.120893
0.545787	2.040447	-1.784712	-0.561586	-1.469119	0.999349	-0.446922	0.117287	0.120893
0.579424	2.040447	-1.784712	-0.561586	-1.469119	0.999349	0.446922	0.117287	0.120893
0.588885	2.040447	-1.784712	-0.561586	-1.469119	0.999349	1.340767	0.117287	0.120893
1.236399	1.284142	-1.228438	0.000000	-1.197897	0.999349	-1.340767	0.117287	0.120893
1.105004	1.284142	-1.228438	0.000000	-1.197897	0.999349	-0.446922	0.117287	0.120893
0.866391	1.284142	-1.228438	0.000000	-1.197897	0.999349	0.446922	0.117287	0.120893
0.827498	1.284142	-1.228438	0.000000	-1.197897	0.999349	1.340767	0.117287	0.120893
0.938921	0.905990	-0.950301	-0.561586	-0.655453	0.999349	-1.340767	0.117287	0.120893
0.876902	0.905990	-0.950301	-0.561586	-0.655453	0.999349	-0.446922	0.117287	0.120893
0.398625	0.905990	-0.950301	-0.561586	-0.655453	0.999349	0.446922	0.117287	0.120893
0.549992	0.905990	-0.950301	-0.561586	-0.655453	0.999349	1.340767	0.117287	0.120893
0.439620	0.527838	-0.672164	0.000000	-0.655453	0.999349	-1.340767	0.117287	0.120893
0.333453	0.527838	-0.672164	0.000000	-0.655453	0.999349	-0.446922	0.117287	0.120893
0.248309	0.527838	-0.672164	0.000000	-0.655453	0.999349	0.446922	0.117287	0.120893
0.191546	0.527838	-0.672164	0.000000	-0.655453	0.999349	1.340767	0.117287	0.120893
2.159317	0.244223	-0.394027	0.561586	-0.655453	0.999349	-1.340767	0.117287	0.120893
2.004796	0.244223	-0.394027	0.561586	-0.655453	0.999349	-0.446922	0.117287	0.120893
1.384612	0.244223	-0.394027	0.561586	-0.655453	0.999349	0.446922	0.117287	0.120893
1.291059	0.244223	-0.394027	0.561586	-0.655453	0.999349	1.340767	0.117287	0.120893
1.206966	-0.039391	-0.115890	2.246342	-1.197897	0.999349	-1.340767	0.117287	0.120893
1.245859	-0.039391	-0.115890	2.246342	-1.197897	0.999349	-0.446922	0.117287	0.120893
1.334157	-0.039391	-0.115890	2.246342	-1.197897	0.999349	0.446922	0.117287	0.120893
1.335208	-0.039391	-0.115890	2.246342	-1.197897	0.999349	1.340767	0.117287	0.120893
-1.061436	-0.228467	0.162247	-1.684757	0.971879	-0.999349	-1.340767	0.117287	0.120893
-1.135017	-0.228467	0.162247	-1.684757	0.971879	-0.999349	-0.446922	0.117287	0.120893
-1.037259	-0.228467	0.162247	-1.684757	0.971879	-0.999349	0.446922	0.117287	0.120893
-1.033054	-0.228467	0.162247	-1.684757	0.971879	-0.999349	1.340767	0.117287	0.120893
-1.016236	-0.512081	0.440383	-1.123171	0.971879	-0.999349	-1.340767	0.117287	0.120893
-1.035157	-0.512081	0.440383	-1.123171	0.971879	-0.999349	-0.446922	0.117287	0.120893
-0.947910	-0.512081	0.440383	-1.123171	0.971879	-0.999349	0.446922	0.117287	0.120893
-1.014133	-0.512081	0.440383	-1.123171	0.971879	-0.999349	1.340767	0.117287	0.120893
-1.016236	-0.701157	0.718520	-0.561586	0.971879	-0.999349	-1.340767	0.117287	0.120893
-1.072998	-0.701157	0.718520	-0.561586	0.971879	-0.999349	-0.446922	0.117287	0.120893
-0.961575	-0.701157	0.718520	-0.561586	0.971879	-0.999349	0.446922	0.117287	0.120893
-0.989957	-0.701157	0.718520	-0.561586	0.971879	-0.999349	1.340767	0.117287	0.120893
-0.952115	-0.984772	0.996657	0.000000	0.971879	-0.999349	-1.340767	0.117287	0.120893
-0.923734	-0.984772	0.996657	0.000000	0.971879	-0.999349	-0.446922	0.117287	0.120893
-0.887994	-0.984772	0.996657	0.000000	0.971879	-0.999349	0.446922	0.117287	0.120893
-0.875380	-0.984772	0.996657	0.000000	0.971879	-0.999349	1.340767	0.117287	0.120893
-0.495912	-1.173848	1.274794	0.561586	0.971879	-0.999349	-1.340767	0.117287	0.120893
-0.479093	-1.173848	1.274794	0.561586	0.971879	-0.999349	-0.446922	0.117287	0.120893
-0.433893	-1.173848	1.274794	0.561586	0.971879	-0.999349	0.446922	0.117287	0.120893
-0.452814	-1.173848	1.274794	0.561586	0.971879	-0.999349	1.340767	0.117287	0.120893
-1.019389	-1.362924	1.552931	1.123171	0.971879	-0.999349	-1.340767	0.117287	0.120893
-1.012031	-1.362924	1.552931	1.123171	0.971879	-0.999349	-0.446922	0.117287	0.120893
-1.019389	-1.362924	1.552931	1.123171	0.971879	-0.999349	0.446922	0.117287	0.120893
-1.076152	-1.362924	1.552931	1.123171	0.971879	-0.999349	1.340767	0.117287	0.120893
0.527917	2.040447	-1.784712	-0.561586	-1.469119	0.999349	-1.340767	0.117287	0.765655
0.525815	2.040447	-1.784712	-0.561586	-1.469119	0.999349	-0.446922	0.117287	0.765655
0.588885	2.040447	-1.784712	-0.561586	-1.469119	0.999349	0.446922	0.117287	0.765655
0.581527	2.040447	-1.784712	-0.561586	-1.469119	0.999349	1.340767	0.117287	0.765655
0.791758	1.284142	-1.228438	0.000000	-1.197897	0.999349	-1.340767	0.117287	0.765655
1.317338	1.284142	-1.228438	0.000000	-1.197897	0.999349	-0.446922	0.117287	0.765655
1.216427	1.284142	-1.228438	0.000000	-1.197897	0.999349	0.446922	0.117287	0.765655
0.901079	1.284142	-1.228438	0.000000	-1.197897	0.999349	1.340767	0.117287	0.765655
0.511099	0.905990	-0.950301	-0.561586	-0.655453	0.999349	-1.340767	0.117287	0.765655
1.009348	0.905990	-0.950301	-0.561586	-0.655453	0.999349	-0.446922	0.117287	0.765655
0.982018	0.905990	-0.950301	-0.561586	-0.655453	0.999349	0.446922	0.117287	0.765655
0.391267	0.905990	-0.950301	-0.561586	-0.655453	0.999349	1.340767	0.117287	0.765655
0.179984	0.527838	-0.672164	0.000000	-0.655453	0.999349	-1.340767	0.117287	0.765655
0.508997	0.527838	-0.672164	0.000000	-0.655453	0.999349	-0.446922	0.117287	0.765655
0.438569	0.527838	-0.672164	0.000000	-0.655453	0.999349	0.446922	0.117287	0.765655
0.289304	0.527838	-0.672164	0.000000	-0.655453	0.999349	1.340767	0.117287	0.765655
1.226938	0.244223	-0.394027	0.561586	-0.655453	0.999349	-1.340767	0.117287	0.765655
2.196107	0.244223	-0.394027	0.561586	-0.655453	0.999349	-0.446922	0.117287	0.765655
2.057354	0.244223	-0.394027	0.561586	-0.655453	0.999349	0.446922	0.117287	0.765655
1.332054	0.244223	-0.394027	0.561586	-0.655453	0.999349	1.340767	0.117287	0.765655
1.325747	-0.039391	-0.115890	2.246342	-1.197897	0.999349	-1.340767	0.117287	0.765655
1.279496	-0.039391	-0.115890	2.246342	-1.197897	0.999349	-0.446922	0.117287	0.765655
1.309980	-0.039391	-0.115890	2.246342	-1.197897	0.999349	0.446922	0.117287	0.765655
1.358333	-0.039391	-0.115890	2.246342	-1.197897	0.999349	1.340767	0.117287	0.765655
-1.016236	-0.228467	0.162247	-1.684757	0.971879	-0.999349	-1.340767	0.117287	0.765655
-0.982599	-0.228467	0.162247	-1.684757	0.971879	-0.999349	-0.446922	0.117287	0.765655
-1.004673	-0.228467	0.162247	-1.684757	0.971879	-0.999349	0.446922	0.117287	0.765655
-0.971036	-0.228467	0.162247	-1.684757	0.971879	-0.999349	1.340767	0.117287	0.765655
-1.042515	-0.512081	0.440383	-1.123171	0.971879	-0.999349	-1.340767	0.117287	0.765655
-0.998366	-0.512081	0.440383	-1.123171	0.971879	-0.999349	-0.446922	0.117287	0.765655
-0.986803	-0.512081	0.440383	-1.123171	0.971879	-0.999349	0.446922	0.117287	0.765655
-0.940552	-0.512081	0.440383	-1.123171	0.971879	-0.999349	1.340767	0.117287	0.765655
-0.968933	-0.701157	0.718520	-0.561586	0.971879	-0.999349	-1.340767	0.117287	0.765655
-0.931092	-0.701157	0.718520	-0.561586	0.971879	-0.999349	-0.446922	0.117287	0.765655
-0.920580	-0.701157	0.718520	-0.561586	0.971879	-0.999349	0.446922	0.117287	0.765655
-0.889045	-0.701157	0.718520	-0.561586	0.971879	-0.999349	1.340767	0.117287	0.765655
-0.907966	-0.984772	0.996657	0.000000	0.971879	-0.999349	-1.340767	0.117287	0.765655
-0.945808	-0.984772	0.996657	0.000000	0.971879	-0.999349	-0.446922	0.117287	0.765655
-0.884841	-0.984772	0.996657	0.000000	0.971879	-0.999349	0.446922	0.117287	0.765655
-0.887994	-0.984772	0.996657	0.000000	0.971879	-0.999349	1.340767	0.117287	0.765655
-0.519037	-1.173848	1.274794	0.561586	0.971879	-0.999349	-1.340767	0.117287	0.765655
-0.507475	-1.173848	1.274794	0.561586	0.971879	-0.999349	-0.446922	0.117287	0.765655
-0.443354	-1.173848	1.274794	0.561586	0.971879	-0.999349	0.446922	0.117287	0.765655
-0.492758	-1.173848	1.274794	0.561586	0.971879	-0.999349	1.340767	0.117287	0.765655
-0.964729	-1.362924	1.552931	1.123171	0.971879	-0.999349	-1.340767	0.117287	0.765655
-0.948961	-1.362924	1.552931	1.123171	0.971879	-0.999349	-0.446922	0.117287	0.765655
-1.000468	-1.362924	1.552931	1.123171	0.971879	-0.999349	0.446922	0.117287	0.765655
-0.967882	-1.362924	1.552931	1.123171	0.971879	-0.999349	1.340767	0.117287	0.765655
0.519508	2.040447	-1.784712	-0.561586	-1.469119	0.999349	-1.340767	0.117287	1.410417
0.544736	2.040447	-1.784712	-0.561586	-1.469119	0.999349	-0.446922	0.117287	1.410417
0.568913	2.040447	-1.784712	-0.561586	-1.469119	0.999349	0.446922	0.117287	1.410417
0.589936	2.040447	-1.784712	-0.561586	-1.469119	0.999349	1.340767	0.117287	1.410417
0.805423	1.284142	-1.228438	0.000000	-1.197897	0.999349	-1.340767	0.117287	1.410417
0.779144	1.284142	-1.228438	0.000000	-1.197897	0.999349	-0.446922	0.117287	1.410417
1.324696	1.284142	-1.228438	0.000000	-1.197897	0.999349	0.446922	0.117287	1.410417
1.159664	1.284142	-1.228438	0.000000	-1.197897	0.999349	1.340767	0.117287	1.410417
0.360783	0.905990	-0.950301	-0.561586	-0.655453	0.999349	-1.340767	0.117287	1.410417
0.508997	0.905990	-0.950301	-0.561586	-0.655453	0.999349	-0.446922	0.117287	1.410417
1.005144	0.905990	-0.950301	-0.561586	-0.655453	0.999349	0.446922	0.117287	1.410417
0.933665	0.905990	-0.950301	-0.561586	-0.655453	0.999349	1.340767	0.117287	1.410417
0.204160	0.527838	-0.672164	0.000000	-0.655453	0.999349	-1.340767	0.117287	1.410417
0.156858	0.527838	-0.672164	0.000000	-0.655453	0.999349	-0.446922	0.117287	1.410417
0.496383	0.527838	-0.672164	0.000000	-0.655453	0.999349	0.446922	0.117287	1.410417
0.373397	0.527838	-0.672164	0.000000	-0.655453	0.999349	1.340767	0.117287	1.410417
1.361487	0.244223	-0.394027	0.561586	-0.655453	0.999349	-1.340767	0.117287	1.410417
1.268985	0.244223	-0.394027	0.561586	-0.655453	0.999349	-0.446922	0.117287	1.410417
2.175084	0.244223	-0.394027	0.561586	-0.655453	0.999349	0.446922	0.117287	1.410417
2.012154	0.244223	-0.394027	0.561586	-0.655453	0.999349	1.340767	0.117287	1.410417
1.297366	-0.039391	-0.115890	2.246342	-1.197897	0.999349	-1.340767	0.117287	1.410417
1.305775	-0.039391	-0.115890	2.246342	-1.197897	0.999349	-0.446922	0.117287	1.410417
1.171227	-0.039391	-0.115890	2.246342	-1.197897	0.999349	0.446922	0.117287	1.410417
1.215376	-0.039391	-0.115890	2.246342	-1.197897	0.999349	1.340767	0.117287	1.410417
-1.062487	-0.228467	0.162247	-1.684757	0.971879	-0.999349	-1.340767	0.117287	1.410417
-1.051975	-0.228467	0.162247	-1.684757	0.971879	-0.999349	-0.446922	0.117287	1.410417
-1.027798	-0.228467	0.162247	-1.684757	0.971879	-0.999349	0.446922	0.117287	1.410417
-1.109789	-0.228467	0.162247	-1.684757	0.971879	-0.999349	1.340767	0.117287	1.410417
-0.979445	-0.512081	0.440383	-1.123171	0.971879	-0.999349	-1.340767	0.117287	1.410417
-1.038310	-0.512081	0.440383	-1.123171	0.971879	-0.999349	-0.446922	0.117287	1.410417
-0.983650	-0.512081	0.440383	-1.123171	0.971879	-0.999349	0.446922	0.117287	1.410417
-1.010980	-0.512081	0.440383	-1.123171	0.971879	-0.999349	1.340767	0.117287	1.410417
-0.993110	-0.701157	0.718520	-0.561586	0.971879	-0.999349	-1.340767	0.117287	1.410417
-1.010980	-0.701157	0.718520	-0.561586	0.971879	-0.999349	-0.446922	0.117287	1.410417
-0.984701	-0.701157	0.718520	-0.561586	0.971879	-0.999349	0.446922	0.117287	1.410417
-1.049873	-0.701157	0.718520	-0.561586	0.971879	-0.999349	1.340767	0.117287	1.410417
-0.920580	-0.984772	0.996657	0.000000	0.971879	-0.999349	-1.340767	0.117287	1.410417
-0.899557	-0.984772	0.996657	0.000000	0.971879	-0.999349	-0.446922	0.117287	1.410417
-0.923734	-0.984772	0.996657	0.000000	0.971879	-0.999349	0.446922	0.117287	1.410417
-0.896404	-0.984772	0.996657	0.000000	0.971879	-0.999349	1.340767	0.117287	1.410417
-0.468582	-1.173848	1.274794	0.561586	0.971879	-0.999349	-1.340767	0.117287	1.410417
-0.481196	-1.173848	1.274794	0.561586	0.971879	-0.999349	-0.446922	0.117287	1.410417
-0.462275	-1.173848	1.274794	0.561586	0.971879	-0.999349	0.446922	0.117287	1.410417
-0.451763	-1.173848	1.274794	0.561586	0.971879	-0.999349	1.340767	0.117287	1.410417
-0.987854	-1.362924	1.552931	1.123171	0.971879	-0.999349	-1.340767	0.117287	1.410417
-1.048822	-1.362924	1.552931	1.123171	0.971879	-0.999349	-0.446922	0.117287	1.410417
-1.048822	-1.362924	1.552931	1.123171	0.971879	-0.999349	0.446922	0.117287	1.410417
-1.034105	-1.362924	1.552931	1.123171	0.971879	-0.999349	1.340767	0.117287	1.410417
0.923153	2.040447	-1.784712	-0.561586	-1.469119	0.999349	-1.340767	1.243239	-1.168631
0.920000	2.040447	-1.784712	-0.561586	-1.469119	0.999349	-0.446922	1.243239	-1.168631
0.866391	2.040447	-1.784712	-0.561586	-1.469119	0.999349	0.446922	1.243239	-1.168631
0.888465	2.040447	-1.784712	-0.561586	-1.469119	0.999349	1.340767	1.243239	-1.168631
1.544388	1.284142	-1.228438	0.000000	-1.197897	0.999349	-1.340767	1.243239	-1.168631
1.239552	1.284142	-1.228438	0.000000	-1.197897	0.999349	-0.446922	1.243239	-1.168631
1.191199	1.284142	-1.228438	0.000000	-1.197897	0.999349	0.446922	1.243239	-1.168631
1.724137	1.284142	-1.228438	0.000000	-1.197897	0.999349	1.340767	1.243239	-1.168631
1.198557	0.905990	-0.950301	-0.561586	-0.655453	0.999349	-1.340767	1.243239	-1.168631
0.638289	0.905990	-0.950301	-0.561586	-0.655453	0.999349	-0.446922	1.243239	-1.168631
0.747610	0.905990	-0.950301	-0.561586	-0.655453	0.999349	0.446922	1.243239	-1.168631
1.276343	0.905990	-0.950301	-0.561586	-0.655453	0.999349	1.340767	1.243239	-1.168631
0.748661	0.527838	-0.672164	0.000000	-0.655453	0.999349	-1.340767	1.243239	-1.168631
0.477462	0.527838	-0.672164	0.000000	-0.655453	0.999349	-0.446922	1.243239	-1.168631
0.462746	0.527838	-0.672164	0.000000	-0.655453	0.999349	0.446922	1.243239	-1.168631
0.941023	0.527838	-0.672164	0.000000	-0.655453	0.999349	1.340767	1.243239	-1.168631
2.176135	0.244223	-0.394027	0.561586	-0.655453	0.999349	-1.340767	1.243239	-1.168631
1.522314	0.244223	-0.394027	0.561586	-0.655453	0.999349	-0.446922	1.243239	-1.168631
1.446631	0.244223	-0.394027	0.561586	-0.655453	0.999349	0.446922	1.243239	-1.168631
2.349577	0.244223	-0.394027	0.561586	-0.655453	0.999349	1.340767	1.243239	-1.168631
1.572770	-0.039391	-0.115890	2.246342	-1.197897	0.999349	-1.340767	1.243239	-1.168631
1.709421	-0.039391	-0.115890	2.246342	-1.197897	0.999349	-0.446922	1.243239	-1.168631
1.686295	-0.039391	-0.115890	2.246342	-1.197897	0.999349	0.446922	1.243239	-1.168631
1.565412	-0.039391	-0.115890	2.246342	-1.197897	0.999349	1.340767	1.243239	-1.168631
-0.803901	-0.228467	0.162247	-1.684757	0.971879	-0.999349	-1.340767	1.243239	-1.168631
-0.771316	-0.228467	0.162247	-1.684757	0.971879	-0.999349	-0.446922	1.243239	-1.168631
-0.794441	-0.228467	0.162247	-1.684757	0.971879	-0.999349	0.446922	1.243239	-1.168631
-0.771316	-0.228467	0.162247	-1.684757	0.971879	-0.999349	1.340767	1.243239	-1.168631
-0.787083	-0.512081	0.440383	-1.123171	0.971879	-0.999349	-1.340767	1.243239	-1.168631
-0.743985	-0.512081	0.440383	-1.123171	0.971879	-0.999349	-0.446922	1.243239	-1.168631
-0.784981	-0.512081	0.440383	-1.123171	0.971879	-0.999349	0.446922	1.243239	-1.168631
-0.748190	-0.512081	0.440383	-1.123171	0.971879	-0.999349	1.340767	1.243239	-1.168631
-0.850152	-0.701157	0.718520	-0.561586	0.971879	-0.999349	-1.340767	1.243239	-1.168631
-0.797595	-0.701157	0.718520	-0.561586	0.971879	-0.999349	-0.446922	1.243239	-1.168631
-0.811260	-0.701157	0.718520	-0.561586	0.971879	-0.999349	0.446922	1.243239	-1.168631
-0.776571	-0.701157	0.718520	-0.561586	0.971879	-0.999349	1.340767	1.243239	-1.168631
-0.677762	-0.984772	0.996657	0.000000	0.971879	-0.999349	-1.340767	1.243239	-1.168631
-0.689325	-0.984772	0.996657	0.000000	0.971879	-0.999349	-0.446922	1.243239	-1.168631
-0.677762	-0.984772	0.996657	0.000000	0.971879	-0.999349	0.446922	1.243239	-1.168631
-0.697734	-0.984772	0.996657	0.000000	0.971879	-0.999349	1.340767	1.243239	-1.168631
-0.196331	-1.173848	1.274794	0.561586	0.971879	-0.999349	-1.340767	1.243239	-1.168631
-0.195280	-1.173848	1.274794	0.561586	0.971879	-0.999349	-0.446922	1.243239	-1.168631
-0.196331	-1.173848	1.274794	0.561586	0.971879	-0.999349	0.446922	1.243239	-1.168631
-0.216303	-1.173848	1.274794	0.561586	0.971879	-0.999349	1.340767	1.243239	-1.168631
-0.776571	-1.362924	1.552931	1.123171	0.971879	-0.999349	-1.340767	1.243239	-1.168631
-0.775520	-1.362924	1.552931	1.123171	0.971879	-0.999349	-0.446922	1.243239	-1.168631
-0.781827	-1.362924	1.552931	1.123171	0.971879	-0.999349	0.446922	1.243239	-1.168631
-0.776571	-1.362924	1.552931	1.123171	0.971879	-0.999349	1.340767	1.243239	-1.168631
0.880056	2.040447	-1.784712	-0.561586	-1.469119	0.999349	-1.340767	1.243239	-0.523869
0.897925	2.040447	-1.784712	-0.561586	-1.469119	0.999349	-0.446922	1.243239	-0.523869
0.983069	2.040447	-1.784712	-0.561586	-1.469119	0.999349	0.446922	1.243239	-0.523869
0.966251	2.040447	-1.784712	-0.561586	-1.469119	0.999349	1.340767	1.243239	-0.523869
1.446631	1.284142	-1.228438	0.000000	-1.197897	0.999349	-1.340767	1.243239	-0.523869
1.135488	1.284142	-1.228438	0.000000	-1.197897	0.999349	-0.446922	1.243239	-0.523869
1.088185	1.284142	-1.228438	0.000000	-1.197897	0.999349	0.446922	1.243239	-0.523869
1.689448	1.284142	-1.228438	0.000000	-1.197897	0.999349	1.340767	1.243239	-0.523869
1.144948	0.905990	-0.950301	-0.561586	-0.655453	0.999349	-1.340767	1.243239	-0.523869
0.624624	0.905990	-0.950301	-0.561586	-0.655453	0.999349	-0.446922	1.243239	-0.523869
0.808577	0.905990	-0.950301	-0.561586	-0.655453	0.999349	0.446922	1.243239	-0.523869
1.290008	0.905990	-0.950301	-0.561586	-0.655453	0.999349	1.340767	1.243239	-0.523869
0.604652	0.527838	-0.672164	0.000000	-0.655453	0.999349	-1.340767	1.243239	-0.523869
0.351323	0.527838	-0.672164	0.000000	-0.655453	0.999349	-0.446922	1.243239	-0.523869
0.458541	0.527838	-0.672164	0.000000	-0.655453	0.999349	0.446922	1.243239	-0.523869
0.875851	0.527838	-0.672164	0.000000	-0.655453	0.999349	1.340767	1.243239	-0.523869
2.207670	0.244223	-0.394027	0.561586	-0.655453	0.999349	-1.340767	1.243239	-0.523869
1.558054	0.244223	-0.394027	0.561586	-0.655453	0.999349	-0.446922	1.243239	-0.523869
1.498137	0.244223	-0.394027	0.561586	-0.655453	0.999349	0.446922	1.243239	-0.523869
2.464153	0.244223	-0.394027	0.561586	-0.655453	0.999349	1.340767	1.243239	-0.523869
1.565412	-0.039391	-0.115890	2.246342	-1.197897	0.999349	-1.340767	1.243239	-0.523869
1.662118	-0.039391	-0.115890	2.246342	-1.197897	0.999349	-0.446922	1.243239	-0.523869
1.669476	-0.039391	-0.115890	2.246342	-1.197897	0.999349	0.446922	1.243239	-0.523869
1.588537	-0.039391	-0.115890	2.246342	-1.197897	0.999349	1.340767	1.243239	-0.523869
-0.857511	-0.228467	0.162247	-1.684757	0.971879	-0.999349	-1.340767	1.243239	-0.523869
-0.804953	-0.228467	0.162247	-1.684757	0.971879	-0.999349	-0.446922	1.243239	-0.523869
-0.798646	-0.228467	0.162247	-1.684757	0.971879	-0.999349	0.446922	1.243239	-0.523869
-0.794441	-0.228467	0.162247	-1.684757	0.971879	-0.999349	1.340767	1.243239	-0.523869
-0.821771	-0.512081	0.440383	-1.123171	0.971879	-0.999349	-1.340767	1.243239	-0.523869
-0.758702	-0.512081	0.440383	-1.123171	0.971879	-0.999349	-0.446922	1.243239	-0.523869
-0.769213	-0.512081	0.440383	-1.123171	0.971879	-0.999349	0.446922	1.243239	-0.523869
-0.743985	-0.512081	0.440383	-1.123171	0.971879	-0.999349	1.340767	1.243239	-0.523869
-0.856459	-0.701157	0.718520	-0.561586	0.971879	-0.999349	-1.340767	1.243239	-0.523869
-0.796543	-0.701157	0.718520	-0.561586	0.971879	-0.999349	-0.446922	1.243239	-0.523869
-0.773418	-0.701157	0.718520	-0.561586	0.971879	-0.999349	0.446922	1.243239	-0.523869
-0.774469	-0.701157	0.718520	-0.561586	0.971879	-0.999349	1.340767	1.243239	-0.523869
-0.708246	-0.984772	0.996657	0.000000	0.971879	-0.999349	-1.340767	1.243239	-0.523869
-0.704041	-0.984772	0.996657	0.000000	0.971879	-0.999349	-0.446922	1.243239	-0.523869
-0.654637	-0.984772	0.996657	0.000000	0.971879	-0.999349	0.446922	1.243239	-0.523869
-0.676711	-0.984772	0.996657	0.000000	0.971879	-0.999349	1.340767	1.243239	-0.523869
-0.301447	-1.173848	1.274794	0.561586	0.971879	-0.999349	-1.340767	1.243239	-0.523869
-0.264657	-1.173848	1.274794	0.561586	0.971879	-0.999349	-0.446922	1.243239	-0.523869
-0.262554	-1.173848	1.274794	0.561586	0.971879	-0.999349	0.446922	1.243239	-0.523869
-0.279373	-1.173848	1.274794	0.561586	0.971879	-0.999349	1.340767	1.243239	-0.523869
-0.759753	-1.362924	1.552931	1.123171	0.971879	-0.999349	-1.340767	1.243239	-0.523869
-0.757650	-1.362924	1.552931	1.123171	0.971879	-0.999349	-0.446922	1.243239	-0.523869
-0.812311	-1.362924	1.552931	1.123171	0.971879	-0.999349	0.446922	1.243239	-0.523869
-0.798646	-1.362924	1.552931	1.123171	0.971879	-0.999349	1.340767	1.243239	-0.523869
0.861135	2.040447	-1.784712	-0.561586	-1.469119	0.999349	-1.340767	1.243239	0.120893
0.909488	2.040447	-1.784712	-0.561586	-1.469119	0.999349	-0.446922	1.243239	0.120893
0.974660	2.040447	-1.784712	-0.561586	-1.469119	0.999349	0.446922	1.243239	0.120893
0.989376	2.040447	-1.784712	-0.561586	-1.469119	0.999349	1.340767	1.243239	0.120893
1.332054	1.284142	-1.228438	0.000000	-1.197897	0.999349	-1.340767	1.243239	0.120893
1.098697	1.284142	-1.228438	0.000000	-1.197897	0.999349	-0.446922	1.243239	0.120893
0.970455	1.284142	-1.228438	0.000000	-1.197897	0.999349	0.446922	1.243239	0.120893
0.916846	1.284142	-1.228438	0.000000	-1.197897	0.999349	1.340767	1.243239	0.120893
1.117618	0.905990	-0.950301	-0.561586	-0.655453	0.999349	-1.340767	1.243239	0.120893
1.062958	0.905990	-0.950301	-0.561586	-0.655453	0.999349	-0.446922	1.243239	0.120893
0.580475	0.905990	-0.950301	-0.561586	-0.655453	0.999349	0.446922	1.243239	0.120893
0.737098	0.905990	-0.950301	-0.561586	-0.655453	0.999349	1.340767	1.243239	0.120893
0.824344	0.527838	-0.672164	0.000000	-0.655453	0.999349	-1.340767	1.243239	0.120893
0.637238	0.527838	-0.672164	0.000000	-0.655453	0.999349	-0.446922	1.243239	0.120893
0.544736	0.527838	-0.672164	0.000000	-0.655453	0.999349	0.446922	1.243239	0.120893
0.531071	0.527838	-0.672164	0.000000	-0.655453	0.999349	1.340767	1.243239	0.120893
2.297019	0.244223	-0.394027	0.561586	-0.655453	0.999349	-1.340767	1.243239	0.120893
2.059457	0.244223	-0.394027	0.561586	-0.655453	0.999349	-0.446922	1.243239	0.120893
1.494984	0.244223	-0.394027	0.561586	-0.655453	0.999349	0.446922	1.243239	0.120893
1.434017	0.244223	-0.394027	0.561586	-0.655453	0.999349	1.340767	1.243239	0.120893
1.427710	-0.039391	-0.115890	2.246342	-1.197897	0.999349	-1.340767	1.243239	0.120893
1.460296	-0.039391	-0.115890	2.246342	-1.197897	0.999349	-0.446922	1.243239	0.120893
1.584333	-0.039391	-0.115890	2.246342	-1.197897	0.999349	0.446922	1.243239	0.120893
1.630584	-0.039391	-0.115890	2.246342	-1.197897	0.999349	1.340767	1.243239	0.120893
-0.894301	-0.228467	0.162247	-1.684757	0.971879	-0.999349	-1.340767	1.243239	0.120893
-0.966831	-0.228467	0.162247	-1.684757	0.971879	-0.999349	-0.446922	1.243239	0.120893
-0.842794	-0.228467	0.162247	-1.684757	0.971879	-0.999349	0.446922	1.243239	0.120893
-0.839641	-0.228467	0.162247	-1.684757	0.971879	-0.999349	1.340767	1.243239	0.120893
-0.891148	-0.512081	0.440383	-1.123171	0.971879	-0.999349	-1.340767	1.243239	0.120893
-0.958422	-0.512081	0.440383	-1.123171	0.971879	-0.999349	-0.446922	1.243239	0.120893
-0.829129	-0.512081	0.440383	-1.123171	0.971879	-0.999349	0.446922	1.243239	0.120893
-0.892199	-0.512081	0.440383	-1.123171	0.971879	-0.999349	1.340767	1.243239	0.120893
-0.865920	-0.701157	0.718520	-0.561586	0.971879	-0.999349	-1.340767	1.243239	0.120893
-0.919529	-0.701157	0.718520	-0.561586	0.971879	-0.999349	-0.446922	1.243239	0.120893
-0.798646	-0.701157	0.718520	-0.561586	0.971879	-0.999349	0.446922	1.243239	0.120893
-0.795492	-0.701157	0.718520	-0.561586	0.971879	-0.999349	1.340767	1.243239	0.120893
-0.793390	-0.984772	0.996657	0.000000	0.971879	-0.999349	-1.340767	1.243239	0.120893
-0.731371	-0.984772	0.996657	0.000000	0.971879	-0.999349	-0.446922	1.243239	0.120893
-0.681967	-0.984772	0.996657	0.000000	0.971879	-0.999349	0.446922	1.243239	0.120893
-0.669353	-0.984772	0.996657	0.000000	0.971879	-0.999349	1.340767	1.243239	0.120893
-0.400256	-1.173848	1.274794	0.561586	0.971879	-0.999349	-1.340767	1.243239	0.120893
-0.406563	-1.173848	1.274794	0.561586	0.971879	-0.999349	-0.446922	1.243239	0.120893
-0.320368	-1.173848	1.274794	0.561586	0.971879	-0.999349	0.446922	1.243239	0.120893
-0.321419	-1.173848	1.274794	0.561586	0.971879	-0.999349	1.340767	1.243239	0.120893
-0.808106	-1.362924	1.552931	1.123171	0.971879	-0.999349	-1.340767	1.243239	0.120893
-0.782878	-1.362924	1.552931	1.123171	0.971879	-0.999349	-0.446922	1.243239	0.120893
-0.843846	-1.362924	1.552931	1.123171	0.971879	-0.999349	0.446922	1.243239	0.120893
-0.902710	-1.362924	1.552931	1.123171	0.971879	-0.999349	1.340767	1.243239	0.120893
0.879005	2.040447	-1.784712	-0.561586	-1.469119	0.999349	-1.340767	1.243239	0.765655
0.890567	2.040447	-1.784712	-0.561586	-1.469119	0.999349	-0.446922	1.243239	0.765655
0.984121	2.040447	-1.784712	-0.561586	-1.469119	0.999349	0.446922	1.243239	0.765655
0.976762	2.040447	-1.784712	-0.561586	-1.469119	0.999349	1.340767	1.243239	0.765655
0.987274	1.284142	-1.228438	0.000000	-1.197897	0.999349	-1.340767	1.243239	0.765655
1.611663	1.284142	-1.228438	0.000000	-1.197897	0.999349	-0.446922	1.243239	0.765655
1.538082	1.284142	-1.228438	0.000000	-1.197897	0.999349	0.446922	1.243239	0.765655
1.210120	1.284142	-1.228438	0.000000	-1.197897	0.999349	1.340767	1.243239	0.765655
0.729740	0.905990	-0.950301	-0.561586	-0.655453	0.999349	-1.340767	1.243239	0.765655
1.220631	0.905990	-0.950301	-0.561586	-0.655453	0.999349	-0.446922	1.243239	0.765655
1.221683	0.905990	-0.950301	-0.561586	-0.655453	0.999349	0.446922	1.243239	0.765655
0.674029	0.905990	-0.950301	-0.561586	-0.655453	0.999349	1.340767	1.243239	0.765655
0.379704	0.527838	-0.672164	0.000000	-0.655453	0.999349	-1.340767	1.243239	0.765655
0.815935	0.527838	-0.672164	0.000000	-0.655453	0.999349	-0.446922	1.243239	0.765655
0.688745	0.527838	-0.672164	0.000000	-0.655453	0.999349	0.446922	1.243239	0.765655
0.403881	0.527838	-0.672164	0.000000	-0.655453	0.999349	1.340767	1.243239	0.765655
1.444528	0.244223	-0.394027	0.561586	-0.655453	0.999349	-1.340767	1.243239	0.765655
2.417902	0.244223	-0.394027	0.561586	-0.655453	0.999349	-0.446922	1.243239	0.765655
2.274944	0.244223	-0.394027	0.561586	-0.655453	0.999349	0.446922	1.243239	0.765655
1.573821	0.244223	-0.394027	0.561586	-0.655453	0.999349	1.340767	1.243239	0.765655
1.657914	-0.039391	-0.115890	2.246342	-1.197897	0.999349	-1.340767	1.243239	0.765655
1.585384	-0.039391	-0.115890	2.246342	-1.197897	0.999349	-0.446922	1.243239	0.765655
1.604305	-0.039391	-0.115890	2.246342	-1.197897	0.999349	0.446922	1.243239	0.765655
1.701011	-0.039391	-0.115890	2.246342	-1.197897	0.999349	1.340767	1.243239	0.765655
-0.838590	-0.228467	0.162247	-1.684757	0.971879	-0.999349	-1.340767	1.243239	0.765655
-0.824925	-0.228467	0.162247	-1.684757	0.971879	-0.999349	-0.446922	1.243239	0.765655
-0.808106	-0.228467	0.162247	-1.684757	0.971879	-0.999349	0.446922	1.243239	0.765655
-0.763957	-0.228467	0.162247	-1.684757	0.971879	-0.999349	1.340767	1.243239	0.765655
-0.813362	-0.512081	0.440383	-1.123171	0.971879	-0.999349	-1.340767	1.243239	0.765655
-0.776571	-0.512081	0.440383	-1.123171	0.971879	-0.999349	-0.446922	1.243239	0.765655
-0.773418	-0.512081	0.440383	-1.123171	0.971879	-0.999349	0.446922	1.243239	0.765655
-0.719809	-0.512081	0.440383	-1.123171	0.971879	-0.999349	1.340767	1.243239	0.765655
-0.817567	-0.701157	0.718520	-0.561586	0.971879	-0.999349	-1.340767	1.243239	0.765655
-0.810208	-0.701157	0.718520	-0.561586	0.971879	-0.999349	-0.446922	1.243239	0.765655
-0.808106	-0.701157	0.718520	-0.561586	0.971879	-0.999349	0.446922	1.243239	0.765655
-0.756599	-0.701157	0.718520	-0.561586	0.971879	-0.999349	1.340767	1.243239	0.765655
-0.707195	-0.984772	0.996657	0.000000	0.971879	-0.999349	-1.340767	1.243239	0.765655
-0.711399	-0.984772	0.996657	0.000000	0.971879	-0.999349	-0.446922	1.243239	0.765655
-0.654637	-0.984772	0.996657	0.000000	0.971879	-0.999349	0.446922	1.243239	0.765655
-0.667251	-0.984772	0.996657	0.000000	0.971879	-0.999349	1.340767	1.243239	0.765655
-0.305652	-1.173848	1.274794	0.561586	0.971879	-0.999349	-1.340767	1.243239	0.765655
-0.320368	-1.173848	1.274794	0.561586	0.971879	-0.999349	-0.446922	1.243239	0.765655
-0.245736	-1.173848	1.274794	0.561586	0.971879	-0.999349	0.446922	1.243239	0.765655
-0.220508	-1.173848	1.274794	0.561586	0.971879	-0.999349	1.340767	1.243239	0.765655
-0.787083	-1.362924	1.552931	1.123171	0.971879	-0.999349	-1.340767	1.243239	0.765655
-0.819669	-1.362924	1.552931	1.123171	0.971879	-0.999349	-0.446922	1.243239	0.765655
-0.841743	-1.362924	1.552931	1.123171	0.971879	-0.999349	0.446922	1.243239	0.765655
-0.819669	-1.362924	1.552931	1.123171	0.971879	-0.999349	1.340767	1.243239	0.765655
0.871647	2.040447	-1.784712	-0.561586	-1.469119	0.999349	-1.340767	1.243239	1.410417
0.908437	2.040447	-1.784712	-0.561586	-1.469119	0.999349	-0.446922	1.243239	1.410417
0.964149	2.040447	-1.784712	-0.561586	-1.469119	0.999349	0.446922	1.243239	1.410417
0.990428	2.040447	-1.784712	-0.561586	-1.469119	0.999349	1.340767	1.243239	1.410417
0.983069	1.284142	-1.228438	0.000000	-1.197897	0.999349	-1.340767	1.243239	1.410417
0.898977	1.284142	-1.228438	0.000000	-1.197897	0.999349	-0.446922	1.243239	1.410417
1.492882	1.284142	-1.228438	0.000000	-1.197897	0.999349	0.446922	1.243239	1.410417
1.333105	1.284142	-1.228438	0.000000	-1.197897	0.999349	1.340767	1.243239	1.410417
0.536327	0.905990	-0.950301	-0.561586	-0.655453	0.999349	-1.340767	1.243239	1.410417
0.695052	0.905990	-0.950301	-0.561586	-0.655453	0.999349	-0.446922	1.243239	1.410417
1.226938	0.905990	-0.950301	-0.561586	-0.655453	0.999349	0.446922	1.243239	1.410417
1.169125	0.905990	-0.950301	-0.561586	-0.655453	0.999349	1.340767	1.243239	1.410417
0.561555	0.527838	-0.672164	0.000000	-0.655453	0.999349	-1.340767	1.243239	1.410417
0.522662	0.527838	-0.672164	0.000000	-0.655453	0.999349	-0.446922	1.243239	1.410417
0.972558	0.527838	-0.672164	0.000000	-0.655453	0.999349	0.446922	1.243239	1.410417
0.835907	0.527838	-0.672164	0.000000	-0.655453	0.999349	1.340767	1.243239	1.410417
1.468705	0.244223	-0.394027	0.561586	-0.655453	0.999349	-1.340767	1.243239	1.410417
1.378305	0.244223	-0.394027	0.561586	-0.655453	0.999349	-0.446922	1.243239	1.410417
2.356935	0.244223	-0.394027	0.561586	-0.655453	0.999349	0.446922	1.243239	1.410417
2.131987	0.244223	-0.394027	0.561586	-0.655453	0.999349	1.340767	1.243239	1.410417
1.553849	-0.039391	-0.115890	2.246342	-1.197897	0.999349	-1.340767	1.243239	1.410417
1.599049	-0.039391	-0.115890	2.246342	-1.197897	0.999349	-0.446922	1.243239	1.410417
1.387766	-0.039391	-0.115890	2.246342	-1.197897	0.999349	0.446922	1.243239	1.410417
1.428761	-0.039391	-0.115890	2.246342	-1.197897	0.999349	1.340767	1.243239	1.410417
-0.830180	-0.228467	0.162247	-1.684757	0.971879	-0.999349	-1.340767	1.243239	1.410417
-0.837539	-0.228467	0.162247	-1.684757	0.971879	-0.999349	-0.446922	1.243239	1.410417
-0.803901	-0.228467	0.162247	-1.684757	0.971879	-0.999349	0.446922	1.243239	1.410417
-0.829129	-0.228467	0.162247	-1.684757	0.971879	-0.999349	1.340767	1.243239	1.410417
-0.945808	-0.512081	0.440383	-1.123171	0.971879	-0.999349	-1.340767	1.243239	1.410417
-1.051975	-0.512081	0.440383	-1.123171	0.971879	-0.999349	-0.446922	1.243239	1.410417
-0.973138	-0.512081	0.440383	-1.123171	0.971879	-0.999349	0.446922	1.243239	1.410417
-0.975240	-0.512081	0.440383	-1.123171	0.971879	-0.999349	1.340767	1.243239	1.410417
-0.836487	-0.701157	0.718520	-0.561586	0.971879	-0.999349	-1.340767	1.243239	1.410417
-0.916376	-0.701157	0.718520	-0.561586	0.971879	-0.999349	-0.446922	1.243239	1.410417
-0.845948	-0.701157	0.718520	-0.561586	0.971879	-0.999349	0.446922	1.243239	1.410417
-0.824925	-0.701157	0.718520	-0.561586	0.971879	-0.999349	1.340767	1.243239	1.410417
-0.730320	-0.984772	0.996657	0.000000	0.971879	-0.999349	-1.340767	1.243239	1.410417
-0.714553	-0.984772	0.996657	0.000000	0.971879	-0.999349	-0.446922	1.243239	1.410417
-0.739781	-0.984772	0.996657	0.000000	0.971879	-0.999349	0.446922	1.243239	1.410417
-0.686172	-0.984772	0.996657	0.000000	0.971879	-0.999349	1.340767	1.243239	1.410417
-0.396052	-1.173848	1.274794	0.561586	0.971879	-0.999349	-1.340767	1.243239	1.410417
-0.460172	-1.173848	1.274794	0.561586	0.971879	-0.999349	-0.446922	1.243239	1.410417
-0.407614	-1.173848	1.274794	0.561586	0.971879	-0.999349	0.446922	1.243239	1.410417
-0.335084	-1.173848	1.274794	0.561586	0.971879	-0.999349	1.340767	1.243239	1.410417
-0.810208	-1.362924	1.552931	1.123171	0.971879	-0.999349	-1.340767	1.243239	1.410417
-0.786032	-1.362924	1.552931	1.123171	0.971879	-0.999349	-0.446922	1.243239	1.410417
-0.838590	-1.362924	1.552931	1.123171	0.971879	-0.999349	0.446922	1.243239	1.410417
-0.899557	-1.362924	1.552931	1.123171	0.971879	-0.999349	1.340767	1.243239	1.410417
